0.100997435126709 0.100441235425631
0.126896100316792 0.0944097902129842
0.164254486698933 0.0986267307465135
0.194443353879826 0.0994776059090538
0.239502661998748 0.0994511805020167
0.272486397738143 0.0985631157554969
0.316227766016837 0.0959753562294897
0.374348297267172 0.0993945782651404
0.4475711339292 0.101137445454439
0.504180688389257 0.102016434114431
0.579336691050954 0.101998366763899
0.627211183012807 0.101093951163851
0.727895384398315 0.100188681977933
0.79590653199407 0.100177274984168
0.914548825946483 0.10284059195865
1.009974351 0.103737007497868
1.25642894 0.0992412853202313
1.594359328 0.106451858834989
1.983415912 0.106422234388184
2.69795364 0.119282090029222
3.131047493 0.125729554005147
4.012807032 0.136055731420343
5.041806884 0.131308881933681
6.723357536 0.166488884807114
8.199608245 0.203811867078023
10 0.253934596668964
11.49065612 0.31363401341519
12.5642894 0.364236334090178
15.94359328 0.478407793810768
18.68752231 0.662524177835771
20.03199199 0.762691207199391
21.90368783 0.975829313321029
