60.16994878  0.962044007413158
56.50347291  0.668389557286457
54.18413469  0.475061355334074
51.95999998  0.361514516885242
48.2851842  0.245513359198522
44.40254804  0.170572826396846
41.26222502  0.12123552381672
37.94430857  0.0901821533383255
32.08740855  0.0578571001614448
28.29603893  0.0415929165992553
22.94619316  0.0269897027822208
18.80383345  0.0198493433766798
14.93240968  0.0149341159047428
12.10918453  0.0118939529419879
9.717379147  0.00991387809937438
7.399964717  0.00816992873167962
5.347569039  0.00680981990777161
3.516627773  0.00554839862202244
2.241011851  0.0047311895072189
1.042892168  0.00389892640423813
0.522263780643497  0.00340120693985561
0.312538238463412  0.00314075746691581
0.161512415521564  0.00286743168765485
0.0997404708328719  0.00264785637661179
0.0302054922824838  0.00244509517745402
0.00640582283911369  0.00233628117042728
0.00124927465508523  0.00220704802435455
0.0010345331937557  0.00220704802435455
