     32.306046930394 0.9620403271064768
     29.931419994515 0.6790985029955717
       27.31112076007 0.4106249917244301
     25.692970817086 0.30129477247269937
     22.738610668791 0.18218146985669767
       20.74799464928 0.12613637220374443
       18.08399714125 0.08082822192522723
       14.82816920548 0.04982863514647306
     11.974278004836 0.033838551534282384
     9.2367085718739 0.022539339047347933
     6.6012874940763 0.01622123939129173
     4.7178057248815 0.012613637220374448
     3.6392170418833 0.01059766248676072
       2.850408876604 0.009255215909791354
     1.9758590848974 0.007927927389450607
     1.3907083885774 0.006923666402678734
       1.009203573952 0.006408002744416003
     0.7103279210573 0.005817091329374364
    0.46321487087473 0.005280670574582642
    0.28417175005049 0.004887374631624427
     0.1542868500412 0.004436687330978616
    0.10373256560073 0.0042682721311638255
   0.074135551933908 0.004186477288289955
   0.055466636398283 0.004106249917244298
   0.039040191233715 0.004106249917244298
   0.024692948139487 0.004027559979850302
   0.015148560048284 0.003874675120456132
   0.009581474778667 0.003874675120456132
 0.0036615121319446 0.0038004229563658857
0.00091245656788334 0.0038004229563658857
0.00053470803577516 0.003950378013566644
