39.98530317  0.951157142794806
39.98530317  0.676039887915439
39.98530317  0.443704377018281
39.56850513  0.311796399120656
38.7478976  0.22930796384446
37.54878541  0.162981828344392
36.38678155  0.119863575418771
35.63215949  0.0933143846018243
34.89318746  0.0694127585373006
33.46090199  0.0522243059426267
32.76695946  0.0397419081146666
31.09441525  0.0276110824097398
30.13215163  0.0214953638271968
27.70921003  0.0141080240770063
24.95264827  0.00807747463669227
22.23608857  0.00500822312766448
19.00190514  0.00290025206946278
16.21608396  0.00191135777931913
13.60108154  0.00133931799670263
10.80187337  0.00090807919928826
8.123120513  0.000636305158143299
6.071740126  0.00047309701428591
4.297358953  0.000370781177542105
3.173400153  0.000312427228308183
2.23243981  0.000266747740758899
1.425273154  0.000229251909774275
0.904446568988151  0.000195733353101443
0.540172371891852  0.000173851619797395
0.312978237368478  0.000158538228517326
0.209749422465776  0.000147458657833367
0.101931873486283  0.000134470040714541
0.0410468304782701  0.000126730891234073
0.00522248782058431  0.000122625501380894
0.0010096927041972  0.000120226382649046
