0.000001069492638489 4.27346082478732E-7
0.00000131965638182485 3.41439561627237E-7
0.00000169822322976883 2.65255695267545E-7
0.00000223181873297243 2.00369843360711E-7
0.00000299538938399295 1.47169144099765E-7
0.00000377447866387671 1.17584716712549E-7
0.00000475620607464038 9.39474486241344E-8
0.00000599340950707084 7.29853789778844E-8
0.00000747338451862063 5.83136170545025E-8
0.00000902943474470385 4.92799848113767E-8
0.0000113782075867004 3.82843645054429E-8
0.0000146419246349656 3.05883151147556E-8
0.0000196513565214091 2.24667349107445E-8
0.0000237435346084785 1.84610887418276E-8
0.000030234958201338 1.47499797134208E-8
0.000039319972098335 1.11418950751306E-8
0.0000500699551467131 8.9021145299456E-9
0.000065802340879965 6.72451270893618E-9
0.0000837943903713536 5.22410257746187E-9
0.000112460423012926 3.94620222608429E-9
0.000144724890053953 2.98089705901575E-9
0.00019628554051978 2.25172121634166E-9
0.000269031604463768 1.65386107311428E-9
0.000396889205531668 1.11669281854239E-9
0.000561415528256618 7.75446172896126E-10
0.000745605108383138 5.85759442567831E-10
0.000949451699521542 4.68008144895838E-10
0.00130130251465693 3.53525750275528E-10
0.00129972128960653 1.65386107311428E-9
0.00129696593541068 2.44393509895289E-8
0.0012939017465313 4.91695129542504E-7
0.00129121581635387 0.00000686942012319275
0.001287994364276 0.000163540654311986
0.00128617339142591 0.000984810854057569
0.001284269818761 0.00645103843827784
0.00126855327121942 0.0643657702560904
0.00126678778800743 0.376876302485202
0.00126522053243306 1.81325982356824
0.00125042797344025 8.97231440176727
0.000562894362387364 10.3233502609505
0.000133553241905176 10.6170508801875
0.0000170538920934526 10.9191073191495
0.00000345650152278874 11.5492453160382
9.80390755986233E-7 11.5492453160382
9.93788603595288E-7 0.233928868765396
9.85301074813068E-7 0.020377096408257
9.86565205918508E-7 0.00400418947616819
9.7848539952013E-7 0.000222659549242109
9.90914824804763E-7 0.0000150678289782111
9.92866332870794E-7 0.00000124091687375798
9.93590902061723E-7 4.91695129542504E-7
0.00000101474526596353 4.5200808061837E-7
