0.010024693947302 1
0.010024693947302 0.01565668286929127
0.012439254246428 0.01520317280989624
0.016586648465237 0.014335181179363178
0.020163032084246 0.013616438261007158
0.023766433274899 0.013029124587565041
0.028890909315055 0.012285255446788225
0.035120315757784 0.011499044766315036
0.044484391572273 0.010528468353794769
0.056345196529639 0.009639813404464239
0.071368429684053 0.008697397062516168
0.079909655312226 0.008140795981449178
0.090397284405394 0.007847114097460995
0.103317650511    0.007237770021982625
0.12053680622172  0.006675742730446607
0.14062574576823  0.006202771522216125
0.16746961360006  0.005514722869729943
0.1973986541592   0.0048670994529723096
0.22561258666025  0.004391277580710405
0.25785909978127  0.003904170710615485
0.29775880313646  0.003681270692089044
0.31669606959104  0.0033954126736383617
0.34031708099841  0.0029966711939760273
0.35097224947063  0.0026253924996558525
0.3656998830735   0.002137152829729779
0.3656998830735   1
