0.10236366589613 0.3539554149374569
0.11812154517427 0.353307635877784
0.13630296564457 0.3534261138798185
0.1589365804936  0.3543203124503612
0.18404183004525 0.35444202853060275
0.21610662830063 0.3553446091665533
0.25554048789669 0.3554841188139321
0.29282626206893 0.3548277386955152
0.3414623222078  0.3541870523201279
0.39955617014555 0.3550860798851592
0.47247254467572 0.35445652132496375
0.54518721091963 0.35534460916655314
0.64919830812599 0.3547203937450649
0.74648806195782 0.35637769560930066
0.87657406516996 0.3557400287714118
1.0257078264556  0.3566429982327618
1.1960499909306  0.3567713472499789
1.3562381393309  0.35765061087829647
1.5981001415228  0.3585642943130078
1.8635315753084  0.3579168611137001
2.1729423912273  0.35960085986204027
2.4985825349047  0.36128096392692916
2.9236726968416  0.3621979978590386
3.4209726186903  0.36469457994827653
3.933644293542   0.36639848256533114
4.6026593007466  0.369724370882446
5.3293359081825  0.37307129645683024
6.3674344497386  0.3789317569944592
7.2955487328081  0.38484651018565386
8.5353627817374  0.39427569452332917
9.8473650415276  0.40392269202139014
11.281789766713  0.4146966666282792
13.105458386916  0.43227994079008564
14.80476756591   0.44960389139721996
16.840521789201  0.4717009351022186
18.955341138483  0.4991802025900534
21.039116122232  0.5305374675308718
23.678093314985  0.5712626956547826
25.557047193125  0.607108285410672
27.679784357288  0.6508255603032089
30.080746110009  0.7068275771530119
32.236548491193  0.7676233267331475
34.663725761659  0.8463976211384989
36.634520558846  0.9132116863765388
38.579249684297  0.9960260077566253
40.906582869191  1.1053662213208597
42.628483885553  1.208191848251359
44.268018141243  1.3205719307741854
45.96910682923   1.4496745678414942
47.734782589779  1.5948510427043927
49.392263363561  1.769826837431185
50.583812950786  1.9176888210658976
51.979364939086  2.1096824435265695
53.785988434814  2.3310170020811594
54.892422810635  2.5202759854305072
55.818122716477  2.7785457212857025
57.168431017981  2.984697440597354
