0.00003248927024374645 1
0.00003248927024374645 0.029108530984061423
0.000057120715941467 0.028864948431780217
0.0001083515987790045 0.02862087620852177
0.0001946767786495914 0.028380658193077227
0.0003613521901196316 0.027924217084458126
0.0004949886567912254 0.027062247876096984
0.0007640083090148312 0.024647336892774128
0.0012051082473695477 0.0221022284068068
0.0020508884138047442 0.018772057289504155
0.0028709903239074095 0.017098866525410192
0.0039327494974391915 0.014639197891705513
0.004885935188228485 0.013131184307742938
0.00600463410246029 0.011870268667198331
0.007541374999001145 0.010242804943246335
0.00936918801953671 0.008770375328064264
0.012288991004534098 0.007927604082263163
0.017203068693117867 0.0075062009353785
0.02232069044890584 0.007621102192732293
0.024082170159530708 0.007799613751525441
0.02773058567825823 0.010797251793125023
0.03445168436072801 0.00715949095116885
0.03445168436072801 1