0.0108440166742457 1
0.0108440166742457 0.288614044143008
0.0129032559236259 0.293936804344738
0.0162096871559414 0.296634883917773
0.0199266691905773 0.302105568337342
0.0253062045474794 0.304878629930116
0.0338366270488541 0.311850593949628
0.0453753310712821 0.318797633708407
0.0686420923379435 0.328784252422875
0.0964931010456048 0.336108520254833
0.133532415505197  0.345113333143952
0.18870189494537   0.354359397445284
0.281016395215419  0.367073959419545
0.397136010325821  0.38024472514447
0.610325325897545  0.397374711261184
0.871638918050373  0.415276401506725
1.339577249        0.435901117659615
2.026714762        0.46160033780479
2.909783551        0.486665489589572
4.288739942        0.519919482295317
5.632828494        0.548151395646101
8.434785713        0.601295953762302
11.6144337         0.650930963304095
15.99437077        0.720360835447907
22.25983517        0.811372093904935
29.86498529        0.917917696947579
35.51268097        0.989319773066102
35.51268097        0.989319773066102
