0.0999216004643651  0.102461127037096
0.10663491502514  0.105222859724862
0.112666512269702  0.107581082742283
0.11963619303262  0.111464662933603
0.129604345733909  0.116516874735676
0.140403050342255  0.121259363840529
0.152101508894483  0.126194882521232
0.1639525555309  0.131331287499504
0.179398906697074  0.136676755282652
0.194346521219657  0.141610663046913
0.20948910398126  0.148029262846305
0.226943850114583  0.156116756845702
0.254613587430281  0.163917870331386
0.284231640979157  0.17287342930134
0.318886093341415  0.183941835351049
0.352437250128886  0.19227912438057
0.405421258677729  0.207328922239608
0.482989188791381  0.228566961300361
0.584097349123372  0.250866029968971
0.66855576427643  0.271703212537409
0.769063767663831  0.289099301071828
0.90256047230012  0.313112177257521
1.053945022  0.336126342989877
1.23072098  0.367287197876938
1.394656914  0.394283300415487
1.549123062  0.415824742728033
1.678196838  0.428930038659925
1.836303661  0.450363560445878
2.122958599  0.487771206799365
2.516518374  0.530632979812178
2.866026468  0.564607323397916
3.465995723  0.63077657625157
4.06763505  0.67414448784116
4.702610462  0.736641578582909
5.409582136  0.787288048436062
6.19178862  0.841416625440321
7.016554481  0.883461994024863
7.911509802  0.944202838076677
8.570701103  0.982633938142721
8.920615883  1.00021279940846
