98.46114686  0.594231199307314
82.68353908  0.545613945411514
75.1110528  0.52530303704814
68.83050136  0.505748218227592
54.85059594  0.455644988673003
51.14969134  0.426377604351923
47.28380228  0.434542401613204
44.09344786  0.442863548348842
38.01063297  0.430440644211451
32.19968036  0.398990148058786
25.65972384  0.356070112098814
20.80831812  0.323852046326041
16.72744798  0.29454914733326
13.92488328  0.270450495668074
11.09665237  0.236822715034
9.318502976  0.217446973607899
7.622956484  0.201559033426524
5.764612356  0.173180929354423
4.715713377  0.160527323739753
3.99478913  0.146002431874806
3.183422467  0.130296706666306
2.559098405  0.115182871261164
2.021599455  0.103771988075496
1.639381812  0.0926090621699126
1.283795789  0.0818668250215458
0.897453570451821  0.0677220656427507
0.56991859170144  0.0529223498654189
0.352563041923089  0.0409665277168239
0.218102550680042  0.0326269031235925
0.137299605028654  0.0254967471199208
0.0926864320250157  0.0208923906422978
0.0481497782702906  0.0157188768141221
0.0215627159058493  0.010858876534272
0.0094066666850163  0.00757298623659075
0.00350676610867471  0.0052814046055859
0.00108827767814437  0.00347951238539743
0.000495944951966466  0.00249664803350614
