0.00000106701304846498 0.00000812867000636488
0.00000131639307373276 0.00000790380573460207
0.00000178498537406444 0.00000790380573460207
0.00000242038100108599 0.00000790380573460207
0.00000335160966675152 0.00000790380573460207
0.00000478965323384326 0.00000790380573460207
0.00000642677110676446 0.00000790380573460207
0.00000947816814384677 0.00000790380573460207
0.0000148873658968069 0.00000790380573460207
0.0000214995224309391 0.00000790380573460207
0.0000317073823273965 0.00000790380573460207
0.0000467618802829278 0.00000790380573460207
0.0000668255594735762 0.00000790380573460207
0.0000985539827815746 0.00000790380573460207
0.000140830271161013 0.00000859777280803775
0.000192959870537841 0.00000961875600668106
0.000258885517691316 0.000011067131944466
0.000354698652445 0.0000130958744523041
0.000485929111710927 0.0000173367170663943
0.000679765188668596 0.0000264067771021314
0.000892800126456485 0.000043753585200801
0.00110090358531933 0.0000811044781585474
0.00135748402797476 0.000154617718007662
0.00155520763608322 0.000303149544541512
0.00180061782767648 0.000561937621824656
0.00202001489363865 0.00110175687697345
0.00221919657550524 0.00198579184655228
0.00233789243721198 0.00329027326633391
0.00270662999164408 0.00663457129690903
0.0029118477761413 0.0113056190353116
0.00316534283311437 0.0221662388080564
0.00347668985308816 0.0528898480956171
0.00362318391657652 0.133480892953759
0.0038562416173641 0.30968215419428
0.00389315882217598 1.06409047940757
0.00388988978366432 3.0898793395814
0.0038462805632275 8.2481162976352
0.00258031225934288 10.3233502609505
0.000787675451121638 10.6170508801875
0.00026427468883554 11.2297573019637
0.00011408552367358 11.2297573019637
0.0000351945566205271 11.2297573019637
0.0000101945528084189 10.9191073191495
0.00000408894584972797 11.2297573019637
0.00000131552034442574 11.2297573019637
9.30266204801293E-7 11.2297573019637
9.21302300206893E-7 3.97732100011508
9.125256278483E-7 1.22431941596959
9.03672736112845E-7 0.471698741289836
9.04972167384176E-7 0.076164814021315
9.06013057599595E-7 0.017710308276721
8.9758043651376E-7 0.00411810917267806
8.89069054799462E-7 0.00119849293314998
8.89658872070912E-7 0.00051658096777275
8.90445903818727E-7 0.000168193406589851
8.91292739493581E-7 0.0000503419257255681
8.82528774574983E-7 0.0000229508735544826
8.83075208985973E-7 0.0000104632985195145
9.02016174380807E-7 0.00000790380573460207
0.00000102314710462699 0.00000790380573460207
