0.00104113638193522  0.00545167822395255
0.00129799850804851  0.00545167822395255
0.00183554281082028  0.00545167822395255
0.00243721008038209  0.00545167822395255
0.00341053866674721  0.00545167822395255
0.00497719482023475  0.00560677915822113
0.00703841654184122  0.00560677915822113
0.00995347868635098  0.00545167822395255
0.01452568271518  0.00560677915822113
0.0199042555915116  0.00560677915822113
0.0267075899844503  0.00560677915822113
0.0362146067538726  0.00560677915822113
0.0475819578261036  0.00576629273366603
0.0672872272740658  0.00576629273366603
0.08840987311701  0.00576629273366603
0.121146299684425  0.00576629273366603
0.164266735412208  0.00593034449048621
0.237209334342678  0.00645103843827784
0.321626664026242  0.00701745016649551
0.445321580710666  0.00807412589033104
0.585038265366425  0.00955421327788057
0.793082082271907  0.0133780791839258
1.041722066  0.0198134026009188
1.311973722  0.031037793417332
1.617961498  0.0500041268192289
1.995269796  0.0828522092913868
2.262112337  0.153580219038545
2.564471673  0.30968215419428
2.876177763  0.850183496975711
2.997434865  2.08629740717929
3.157197148  4.32653629047584
3.222350002  8.97231440176727
