0.00000103581608561461  0.00403939003237622
0.00000135983420384778  0.00403939003237622
0.00000199053855695565  0.00403939003237622
0.00000467025898566883  0.00403939003237622
0.00000897488532090748  0.00403939003237622
0.0000151899137083261  0.00403939003237622
0.0000349981796760951  0.00403939003237622
0.0000571230534177721  0.00403939003237622
0.0000836172821637902  0.00403939003237622
0.000138976773726568  0.00403939003237622
0.000252923688595977  0.00403939003237622
0.00047728813637811  0.00424002503679538
0.000917244619186884  0.00403939003237622
0.00196541578576215  0.00403939003237622
0.00370904551292501  0.00403939003237622
0.00752646017018653  0.00403939003237622
0.0144631243786178  0.00424002503679538
0.0268033836695588  0.00424002503679538
0.0478986754314188  0.00467168642536527
0.0920333196404631  0.00567132075488176
0.144833042430351  0.00722682217384485
0.200722240416891  0.0101464890139008
0.258664063315004  0.0172939714166765
0.339292630360041  0.050240347145132
0.393378125474356  0.134987140530584
0.423900836039295  0.4099666583802
0.439998284922642  0.803796662934865
0.683632708280476  1.28772925254279
1.075668818  1.99472504681888
1.825250578  3.5352575027553
2.800560831  5.2949230029822
4.692757053  9.07356130330582
5.19019928  9.70549172980933
3.740065687  10.381433107536
1.23398588  10.381433107536
0.392034262456566  10.381433107536
0.225202945848112  9.38420876734702
0.10707322264993  10.0377743134999
0.0490248911260845  9.38420876734702
0.0257804757556455  10.381433107536
0.00430761276705389  9.70549172980933
0.000902922715508595  10.0377743134999
0.000246595068421091  10.381433107536
0.0000324288792626738  10.381433107536
0.00000535035071120036  10.381433107536
0.00000227122792942374  10.381433107536
9.64137976337846E-7  10.381433107536
9.90161562271693E-7  1.68571295994607
9.66775934084481E-7  0.323898813210163
9.80282397749475E-7  0.0643657702560904
9.93740272921355E-7  0.0173172741435873
0.00000100746307901314  0.00421157408265252
