0.09963062415263498 0.35348530240585624
0.3353892275094688 0.3509493556424518
2.23041964715569 0.35467790331288085
4.194103501940871 0.3610519743144655
6.86842693856366 0.3744012252038785
9.604888655974232 0.39068359328410485
14.529981261009189 0.4414253701327253
20.7146594279287 0.51115256087838
25.219800567897757 0.5847704432327603
31.615722800855668 0.7288582462136736
37.358066733603586 0.8919587550718467
43.691561861142524 1.2039366247786105
47.706944882667166 1.4825020653759426
51.57306228509037 1.882299427610722
54.15029308430323 2.153677018224676
56.27141098233309 2.7513684888061722
57.94396610089439 2.9610952367574894