1.000000000000000021e-03 8.591381657307546604e-02
1.270420173089654992e-03 8.591890018174218324e-02
1.613967416193147226e-03 8.592519014419723600e-02
2.050416764241161458e-03 8.593296744854866942e-02
2.604890820533183830e-03 8.594257698500332165e-02
3.309305847101420926e-03 8.595444163379623026e-02
4.204208907081194088e-03 8.596907933616995678e-02
5.341111807439154549e-03 8.598712374902464650e-02
6.785456186898051328e-03 8.600934919859037908e-02
8.620380423451291796e-03 8.603670078486326533e-02
1.095150518965965283e-02 8.607033065138278149e-02
1.391301311863967112e-02 8.611164163056632403e-02
1.767537253438084335e-02 8.616233971187052532e-02
2.245514983455223351e-02 8.622449707040900913e-02
2.852747533956598650e-02 8.630062775395584695e-02
3.624188015870226376e-02 8.639377858002164623e-02
4.604241566431303834e-02 8.650763837538730239e-02
5.849321367772238739e-02 8.664666944601873144e-02
7.431095864502221260e-02 8.681626616442206235e-02
9.440614094426730274e-02 8.702294690322431858e-02
1.199354659191423228e-01 8.727458737105625586e-02
1.523684353725852092e-01 8.758070592706455881e-02
1.935719340394395915e-01 8.795281496618602424e-02
2.459176899476838707e-01 8.840485742367300281e-02
3.124187942291446474e-01 8.895375450533098138e-02
3.969031386410512563e-01 8.962010090390042094e-02
5.042337540921911776e-01 9.042905852993618487e-02
6.405887331514480421e-01 9.141152152384195151e-02
8.138168492495454487e-01 9.260565775130985555e-02
1.033889342486884022e+00 9.405898113256698501e-02
1.313473877437736803e+00 9.583118494015462063e-02
1.668663710723188309e+00 9.799808538210935671e-02
2.119904040205379037e+00 1.006572164089714616e-01
2.693168857691176310e+00 1.039359324766012255e-01
3.421456046347689295e+00 1.080034109651552138e-01
4.346686782619677558e+00 1.130888805556466981e-01
5.522118574742201247e+00 1.195100920728948968e-01
7.015410835545585755e+00 1.277192268716013379e-01
8.912519447988865195e+00 1.383796880083841829e-01
1.132264449977891729e+01 1.525001579570499644e-01
1.438451598524174813e+01 1.716807481371912802e-01
1.827437928778174836e+01 1.985931965713187142e-01
2.321614009788967437e+01 2.379897290691253553e-01
2.949425272163464840e+01 2.990289542152703151e-01
3.747009364776915419e+01 4.013231993703266776e-01
4.760276285768442506e+01 5.934386093629950842e-01
6.047551022920518449e+01 1.024487685946176452e+00
7.682930817307212124e+01 2.349150960486513728e+00
9.760550298759264365e+01 1.072141608842661853e+01
1.240000000000000284e+02 4.725963456802376459e+04
