0.000412480322610373  0.0559421033725911
0.000513307667265844  0.0614256240901897
0.00067913184051074  0.0674466469331564
0.000914405765241813  0.0723466545905319
0.00114796787125956  0.0758095374225855
0.00126426061446919  0.0559421033725911
0.00139246243046178  0.0367274057912701
0.00152007878994734  0.0290712220172903
0.00167425258315784  0.0186449856429595
0.00176544648657157  0.00946528844432566
0.00176632482484364  0.00503513415319146
0.00176700827893673  0.00308179977026763
0.00176788739422584  0.00163938747010659
0.00178427945202337  0.000892712263715654
0.00178536448841017  0.000412736155572643
0.00181738701993876  0.000290657856378723
0.00203683016673842  0.000214485042389271
0.00230190005760236  0.000264710568080189
0.00276564181254824  0.000350431904337884
0.00301838433403684  0.000375890827690234
0.00362807302633018  0.00028394182522284
0.00410105573256004  0.000270971725347608
0.00505878153810929  0.000319148533008634
0.00634951708619915  0.00044272149086716
0.00756195176934366  0.000614141373698054
0.00916506674253302  0.000832249247798783
0.0107255683998772  0.00118179965714437
0.0119106493596966  0.00152835246506879
0.0135767349798284  0.00232794148534594
0.0141813194054586  0.00294102709338401
0.0170442587201845  0.00249706673653037
0.0194291597892245  0.00362972141999517
0.0201112492320038  0.00682332568855691
0.0202790355082427  0.0119580624928463
0.0202693247730017  0.0219599288755465
0.0217274796231334  0.0432572721912594
0.0235047531218154  0.050948101482122
0.0265685189021631  0.0497708787462564
0.029503563010624  0.0658882036562175
0.033923654113721  0.11019629463529
0.0407511707544516  0.180041913178907
0.0506993741836126  0.274234542338613
0.0653266144487514  0.389414936655218
0.0827151731959652  0.540194747870814
0.105656562570714  0.715126243665295
0.129190467275936  0.882585900167934
0.142235936127526  0.94670588041544
