40.31153103  0.972300032571071
40.31153103  0.703128229506719
40.31153103  0.45640127274727
40.31153103  0.29625054580935
38.62435674  0.2057300220682
37.00779642  0.135355287365513
34.70892608  0.0737122069847584
33.25623981  0.0441225176275003
30.85880364  0.0246862404581963
28.94189976  0.016241738262613
26.56996415  0.0104011073696361
23.62266423  0.00614235920260927
21.68666698  0.00438232118405781
18.6725957  0.00273162322024805
15.90649778  0.0018216443393482
12.8450087  0.00118243125518463
9.938622687  0.000799252372185223
7.940430128  0.000601885511100199
6.209803206  0.000478415018666524
4.961301985  0.000406838385251946
3.717589543  0.000332233421137265
2.273678501  0.000260536751588686
1.498617262  0.000221557324037548
0.936358947550399  0.000196199975561663
0.610607356191782  0.00017374478852197
0.354013323973658  0.000158072057101521
0.223569857575349  0.000145768492909094
0.160513288453965  0.000136250298516099
0.103559191508387  0.000130840363419412
0.0569162378219395  0.000120656382519756
0.0287175676627024  0.000112777924832094
0.0154493840950912  0.000108299980487564
0.00502921609884731  0.0000998704339478396
0.000499834812162621  0.00009590499261215
