3.981071705535E-6 9.08152945386303e-7
3.9319330469892E-6 6.41843497579153e-7
3.9319330469892E-6 4.282652154197215e-7
3.9319330469892E-6 2.7384196342643503e-7
3.9319330469892E-6 1.8665167189895082e-7
3.9319330469892E-6 1.1934908199243277e-7
4.1090662300496E-6 7.795689086987009e-8
4.4092262559141E-6 5.427934808730723e-8
4.8580708560469E-6 4.2039339041220106e-8
5.6932092048592E-6 3.3976105210050145e-8
6.7905546980054E-6 2.990089727433662e-8
8.0283436741719E-6 2.8050430764659358e-8
9.8323262504145E-6 2.688085496954213e-8
1.1727471591082E-5 2.576004518276184e-8
1.4236633646878E-5 2.6314483437199952e-8
1.6831701203142E-5 2.688085496954213e-8
2.1733154676432E-5 2.9270894358623536e-8
3.0647255104803E-5 3.326023888836375e-8
4.2838375210986E-5 4.0286489190254924e-8
6.3689264789989E-5 4.7768901151049216e-8
9.637275883705E-5 6.037758892399465e-8
0.00013831774976126 7.470644194133254e-8
0.00020383734532256 9.442534227959682e-8
0.00029255490101719 1.1437276634726757e-7
0.00041620145671949 1.2454191524219262e-7
0.00056161070985398 1.299606866953279e-7
0.0007511726394971 1.4151579387424187e-7
0.0010592746360647 1.5409829253062015e-7
0.0014937481686784 1.6426404477588075e-7
0.0021438826479062 1.7510042430074842e-7
0.0026025790472473 1.8271897728981656e-7
0.0032727774241266 1.989649468971885e-7
0.0046151442858509 2.309479815022905e-7
0.0073627113042748 3.046078864341996e-7
0.010755143421676 3.689565299060766e-7
0.015990036360244 4.565175601000167e-7
0.024843897208841 5.648586372295042e-7
0.038261552734332 7.139540951751952e-7
0.061580397057047 9.416668053459506e-7
0.098241497437834 0.0000012960468207632686
0.15399004694614 0.0000017462076724887278
0.24784065350458 0.0000025619108187977946
0.36524004302108 0.000003758652047450304
0.5196065334374 0.000006004725425746454
0.72629994318748 0.000011619521435779087
0.90531798136596 0.000018171929489925785
1.1087444826003 0.00003592066429456179
1.3459669361962 0.00007100479473453418
1.6629995139273 0.00018512197087504969
1.816210477578 0.00048264549216413656
1.7844786892841 0.001084079027803396
1.6196079726003 0.0020977611145432526
1.3341571440609 0.00423591830949306
1.1185589500556 0.0072136205218290995
0.92141644121077 0.013376790421121837
0.76573842887804 0.023771363673845053
0.76573842887804 0.03202796146542147
0.91333174288116 0.043152354644221416
1.265442899809 0.056915619947537396
1.816210477578 0.07506862187985625
2.7725643725344 0.10114249067989767
4.0858975974434 0.13340147038431138
6.1826624171235 0.17594931844241443
10.3990210045 0.25270129984576534
