0.001056735741909  0.012
0.01056735741909  0.035256546979943355
0.011836353351689 0.03731846909963466
0.013435369873747 0.03925230748066122
0.014750504792262 0.041026445653375924
0.017427455513397 0.04453676045458497
0.021430339459364 0.04865371714491439
0.026003815793972 0.053151243329231386
0.032190855878311 0.058432370042677276
0.03906074787556  0.06383383019208155
0.047082017700163 0.06973459871669448
0.060664160247023 0.07812974279313595
0.073611738967025 0.08589274222522197
0.091128922142894 0.09562729810436477
0.11663978102023  0.10781834104810725
0.14343964110537  0.12079827531085471
0.17639441384621  0.1344888099317449
0.22277914827736  0.1497309456638551
0.2721383840621   0.16565109567166367
0.33916122067227  0.18676912013793345
0.43411371665836  0.21191344147079483
0.55564937116747  0.24044288821851742
0.70179635609344  0.27281319246957736
0.92256338695778  0.31347588888646394
1.1808653805091   0.3579317680988936
1.4914332314031   0.40356268774550985
1.8711129682543   0.4493000042267404
2.3474862580406   0.5033899156687381
3.085993603211    0.5820843963487513
4.222290357757    0.6730811125260133
5.6250591732355   0.7783032613157722
7.1996386678618   0.8720009111790096
9.4641604321644   0.9893965015048629
