9.4100523116426 0.9742424965873766
8.5872840429351 0.8981943760684231
7.5800154060156 0.7915055091765545
6.6908970599039 0.71022059045518
5.9554007445826 0.6430659663220576
5.0848215974003 0.5465719476644603
4.2345113515656 0.4562450392387142
3.6761463788782 0.40206065272853264
3.1127564567472 0.3386572960128696
2.6577239614166 0.2904558328227457
2.3072750326215 0.2513725286145838
2.0030364904115 0.21754821560306253
1.6820109744908 0.18324380120560788
1.4971160548721 0.16442343068761783
1.2997055166339 0.14101767949505706
1.1189793558356 0.12094511338225866
0.96338346091598 0.10279576784309487
0.85038080016133 0.0897699518634013
0.72606946939856 0.07699289647062892
0.62510833166555 0.0648499601857846
0.52057447359596 0.05364542346390414
0.41933481336269 0.043190844630175924
0.34921147050642 0.03605309179743171
0.3082497694453 0.031201136867259924
0.25884675470129 0.02628113912883161
0.21200472501722 0.02135114895556197
0.17802684865198 0.01814775344658649
0.14340475597535 0.014611065565092516
0.11843464248879 0.011763219413379478
0.092279933592152 0.009217672466346449
0.073717897665002 0.007488814071828339
0.053740586248205 0.00550874132810556
0.038852545315678 0.004052253584463973
0.028560204767836 0.003118676364643551
0.022253065015193 0.002466000932705712
0.018075081743102 0.0020585374145556967
0.015052472806671 0.0017339534545491204
0.011925075478516 0.0013834975956078892
0.0087660305076818 0.0010744345264550109
0.0068301697553757 0.0008969536520583347
0.0051476674983319 0.0007488238427376559
0.0038796225602632 0.0006251573268759286
0.0027130451502815 0.00045988916264966294
0.0016064858814381 0.0003008520725817242
0.0010167071231518 0.00020038689541606488
