0.0019094294763735 0.0000010382196574980873
0.0023958868131591 0.000001188777562659284
0.003156091204443  0.0000013611686922665966
0.004225450161993  0.0000015974095503087995
0.0053450990042086 0.0000018290586371297409
0.0066527060243635 0.000002043365269372489
0.0086928359766024 0.0000023686661082526837
0.011638176087498  0.000002745754377095739
0.016491077447136  0.0000032223002848172024
0.022078647718528  0.000003781554246857159
0.030533479002749  0.000004492842004322694
0.039896926723337  0.000005272607845382273
0.05428790382317   0.000006341949357182822
0.070363288683015  0.000007351578656921698
0.10051487398574   0.000009175238584622183
0.12818381655594   0.00001090104613650144
0.16346924763768   0.000012951467776467228
0.2242434617105    0.00001677239982988506
0.29064499309108   0.000020933023675259176
0.36174740542049   0.000026125747336895203
0.45024407245663   0.00003383334520471529
0.56495086582129   0.00004602641018488483
0.69748225361242   0.00006417446256054542
0.82690414338566   0.00008947822844301067
0.94906682324308   0.0001202355942350034
1.0804839505158    0.00017395128868705304
1.2201683428847    0.00025166466742572436
1.3231854245594    0.0004017803896344344
1.4349000922505    0.0006574280008877079
1.4702187262401    0.001075740846248026
1.4118269652662    0.001871972884953558
1.3125039309079    0.0031394385639877138
1.1528666720188    0.005738915489872281
1.0375710427636    0.00872188531946461
0.87517688111547   0.013754042887145969
0.78129401850386   0.019655246014445685
0.67523163342034   0.03099548855988458
0.60770322102215   0.04484283720458452
0.58831667248929   0.0656801544691467
0.738199642888     0.09157760939903373
0.9414054244254    0.11015053235358402
1.171707677166     0.12768634012853214
1.5434853907835    0.14984724547671713
2.0005323558534    0.1870189101769099
2.834716863523     0.23922978656132196
3.764549660392     0.28774815719137947
4.9993825936976    0.3503937376505298
6.4274592951776    0.4319630579746248
8.3307171954553    0.5325211709145594
9.4842702384403    0.5876365098029493
