0.010250149786236 0.007348380013530004
0.011653907640698 0.007928332258777
0.014015215406786 0.00868500602458829
0.016454188835234 0.009441899694641449
0.0196300247545   0.010187077668184186
0.023989252873015 0.011074876085543837
0.028163940783789 0.011948932576881701
0.032020992037904 0.012697589962650184
0.036995066533242 0.0133910447979768
0.043782882231912 0.014669075531895101
0.051816119179323 0.01570702576704201
0.063322894465841 0.017337291911288744
0.078008237960524 0.01928268871513634
0.09765350785378 0.021446376169206898
0.12522375817668 0.024402668404635217
0.15929486776335 0.02734781736310725
0.18701587942721 0.029731165145861018
0.23224267707233 0.03331940839088501
0.28381667256516 0.036777701784658445
0.34684367507904 0.04090448374523373
0.44121353775626 0.04654299380101957
0.54353628233563 0.05176552750728114
0.62796808120232 0.055850990405085295
0.7431870008931  0.06118136479590653
0.92291488392005 0.06908814570228844
1.1010474110308  0.07510914096812091
1.4119031437809  0.08546261833426742
1.7254436493057  0.09433296815959118
2.177368800069   0.10652410044267642
2.6823269042957  0.11938045443924689
3.3848772258367  0.13583654509699564
4.1698711078765  0.14993531362946627
5.3044172798439  0.16931222159731804
7.1373924375285  0.19859476743039495
8.8634565796461  0.21754849510441102
10.40590415926   0.23650773110355078
12.8191589266    0.26105537956286445
15.293394866247  0.28380621747420887
19.928309390515  0.3278712616170902
26.814663559194  0.37306692811530295
33.567556798288  0.4117883507108327
40.694130416273  0.4442877013325462
46.63983095571   0.451089105507612
51.352665124699  0.42772947031135955
56.541718985082  0.468551632966144
65.324792351246  0.513269830567037
76.080069911254  0.5291049585996815
86.499234307213  0.5665432153597508
95.239757990105  0.5974839004242659
