9.92493276190204E-7  0.132858261122337
0.00000273883467918043  0.12978839667026
0.0000119129034277015  0.126789465464445
0.0000466507139654878  0.126789465464445
0.000545390486149815  0.13600073659355
0.00187289020473413  0.149331712938011
0.00469370394577657  0.160180681273092
0.00945193116743498  0.167847752188073
0.0287163779806469  0.180041913178907
0.0620206915020858  0.188659644762019
0.177229449829477  0.207152318584759
0.414122834350041  0.227457669334488
1.122863329  0.249753378057937
2.202495209  0.274234542338613
4.099146892  0.30823761810707
8.040324092  0.346456826357802
16.33167276  0.417705982367217
27.60465404  0.503607590993661
44.65896386  0.651286280605589
62.80450576  0.94670588041544
72.21359432  1.58334078548486
76.06283516  3.26819523306629
77.34442357  8.93046235519756
77.32020517  13.2883110542383
38.39406881  13.6026173773004
17.4669337  14.5908492960076
2.905007255  15.2892423567261
0.87599877941886  15.6508763919269
0.00163647093981053  16.0210640998581
0.0000157025379202181  16.0210640998581
0.00000109822313805812  16.0210640998581
9.7154503707547E-7  17.1849964869849
9.81420756809271E-7  3.04684178198469
9.82524237114552E-7  0.732041011783999
9.91853554481908E-7  0.301115383489318
0.00000100110546154412  0.152863832363762
