14.219093 16560000.000000
17.900778 19440000.000000
22.535744 30240000.000000
28.370820 38400000.000000
35.716747 56880000.000000
44.964720 76800000.000000
56.607229 89040000.000000
71.264279 126240000.000000
89.716412 159360000.000000
112.946271 194160000.000000
142.190930 240480000.000000
179.007775 300480000.000000
225.357437 365520000.000000
283.708205 448560000.000000
357.167468 560640000.000000
449.647202 678240000.000000
566.072289 819360000.000000
712.642790 884640000.000000
897.164117 850800000.000000
1129.462706 646800000.000000
1421.909302 192720000.000000
1790.077754 0.000000
2253.574373 0.000000
2837.082046 0.000000
3571.674683 0.000000
4496.472021 0.000000
5660.722891 0.000000
7126.427896 0.000000
8971.641174 0.000000
