77.04859079  0.977423179432796
75.65960896  0.680399540336059
73.84650552  0.409749035572585
71.64110398  0.265298987819941
68.66375005  0.159767898055769
67.42592467  0.116464420261361
65.01681577  0.0701370019401292
62.69378363  0.050458027387346
59.72500488  0.0358255330842975
56.21093836  0.0225927428938233
53.22540964  0.0156239197276955
48.30392694  0.00947118382956255
44.10414436  0.00625464888450818
40.02605863  0.00413049027159325
33.16677279  0.00231361881601366
29.20108326  0.00175451702519619
24.49212248  0.00122134670281508
19.92903195  0.000839072841964737
16.21608396  0.000649002634274878
11.90243053  0.000460796161679555
7.785529335  0.000327168321675376
5.031222959  0.000251395617502741
3.475584696  0.00021892259736015
2.329241448  0.000185687268336893
1.325243475  0.000159585834788671
0.763209753035984  0.000139890289170654
0.499225087151197  0.000129259807503232
0.242608288625812  0.0001171004127788
0.100703122009581  0.000104009337795317
0.0340126144473809  0.000096740562177776
0.00698694230467289  0.000095474618052028
0.0010096927041972  0.0000948478718952775
