0.102004819021739 0.154627611910791
0.118379325757005 0.149247912601904
0.126896100316792 0.149234695938447
0.144371928786835 0.150529794878996
0.174332882219998 0.154522011106874
0.20031991992667 0.155861022939241
0.230180731302246 0.154467283529964
0.272486397738143 0.153080197112601
0.319381932835499 0.150377520283026
0.35977790020204 0.15168445595312
0.405283217884645 0.157098309860033
0.484556950613417 0.159853002264069
0.551288978877067 0.158425570078554
0.633467207670829 0.155632456937137
0.749894209332455 0.155598988367703
0.905516882482317 0.158325387389089
1.02004819 0.162538744965012
1.160526796 0.155512397252967
1.268961003 0.155494691371317
1.429461338 0.1596327184225
1.642544867 0.163876720155672
1.944433539 0.163841478667521
2.212216291 0.169687088829745
2.492021151 0.177297791227252
2.950037837 0.190196558731745
3.56224789 0.20046696356306
4.012807032 0.205801793394078
4.703420342 0.202168300956895
4.992014775 0.200380752483402
5.512889789 0.214977888790467
6.397856321 0.241004177670679
7.207068016 0.272581215091199
8.118630175 0.302913822826685
9.145488259 0.348689305662058
9.901241539 0.380746211248274
11.04341641 0.4460759450044
11.72102298 0.495752529989958
12.68961003 0.565695026913582
13.87526797 0.617694634810229
15.17170825 0.686457226053151
16.26323347 0.736491526504673
16.75474919 0.804252073354494
17.60717396 0.878224674930963
18.68752231 0.984659015974798
