32.76695946  0.962044007413158
30.44955108  0.61022266649033
28.00108722  0.361514516885242
24.69254733  0.197771857220018
22.23608857  0.129803344844251
19.40432972  0.0804811086306795
16.06886294  0.048777179775421
12.62751512  0.030242991880634
9.515851328  0.0198493433766798
6.949045403  0.0141080240770063
4.969367901  0.0107359932588448
3.479971215  0.00845368893529685
2.336937798  0.00704634043898911
1.458355503  0.00587328371816766
0.715175135885842  0.0048401149295342
0.358148312787495  0.00422224755772156
0.163213719576725  0.00372541258397478
0.0997404708328719  0.00344013686828406
0.0459320592851451  0.00324984311595808
0.0196564537862576  0.00310521543237486
0.00703933564138945  0.00293344811059912
0.00265651288424899  0.00290025206946278
0.0012624339904208  0.00290025206946278
0.0010675707833769272 0.0029002520694627874