9.8535189937704E-7  0.000011633065508296
0.00000146041543893372  0.0000168439988273133
0.00000263516209702702  0.0000290630678294057
0.00000530373125499613  0.0000597561945638448
0.0000106748640224769  0.000120493558186289
0.0000213299404884165  0.00023368108750273
0.0000382050123029298  0.000444449805398947
0.0000936124719990002  0.00111037583617698
0.000224412183655391  0.00277406915829117
0.000522522442386156  0.00666566379535362
0.00127109526975899  0.0154045268938063
0.00311461812526  0.0370147214584397
0.00714720472662988  0.0872248087717303
0.015359568560922  0.197689865283553
0.0360278008049536  0.430930887702918
0.0832816626290275  0.976679345430932
0.173843309507208  2.00813765892287
0.362905244192794  3.81937794479042
0.851161511959245  9.35792019615987
1.164290386  13.5497214124514
0.246328709807214  13.5497214124514
0.0369940496264908  13.2883110542383
0.00866779510160308  13.8162742884083
0.00143116037483213  13.8162742884083
0.000542624509530597  13.5497214124514
0.0000522311588337983  13.5497214124514
0.0000105006260992259  13.5497214124514
0.00000106368647563803  13.5497214124514
9.7456549323279E-7  13.5497214124514
9.83296807665766E-7  1.71833895966867
9.85957155129086E-7  0.0557245635086446
9.89049747365745E-7  0.00104734137546013
9.90462822876067E-7  0.000171101681532658
9.99045119684872E-7  0.0000314183792209554
9.9251765469785E-7  0.0000123332039998905
