0.00000391747123318251  9.06479804733142E-7
0.00000397801368650117  3.48971283103647E-7
0.00000400995819176602  1.424304967463E-7
0.00000416122259444458  6.92726037547615E-8
0.00000474691590921972  4.01481241849342E-8
0.00000644942015808693  2.99748177948682E-8
0.0000100633040323962  2.66681610445212E-8
0.0000170122949867095  2.61536609068928E-8
0.0000298226544716521  3.17788585012283E-8
0.0000518954723655899  4.2564447473679E-8
0.0000929794225887813  5.59107253695068E-8
0.000156003951065489  7.48865517971226E-8
0.000252369342755811  1.04287846976658E-7
0.000320999062463513  1.17218776582521E-7
0.000452196615789334  1.24273613277502E-7
0.000710625481771608  1.36987780125532E-7
0.00104584090486346  1.45232418451997E-7
0.00160792247816825  1.66451469127189E-7
0.00238372876878723  1.76469385766212E-7
0.00323772005169804  1.90770709941439E-7
0.00628500641432387  2.70895720480712E-7
0.0115091632736112  3.77252400680165E-7
0.0260368280973927  5.79114957767924E-7
0.0412105512865673  7.60699111180951E-7
0.0727632402362055  0.00000105935806360851
0.137177933614341  0.00000162620595432041
0.235230514531078  0.00000244820475230138
0.356341196178708  0.00000368569952241738
0.580506705978405  0.00000743191652519118
0.89847691412802  0.0000185672722224488
1.273905832  0.0000563639201860163
1.619115401  0.000164563348891876
1.844654446  0.000480468635061832
1.663943661  0.00173805434941204
1.214887077  0.00604700743367423
0.947665733785055  0.0110616139328429
0.755361918667261  0.0287333947615936
0.996146769145707  0.0476828309363988
2.204551931  0.0838916748763199
3.949399249  0.126296424241392
6.482747986  0.179341791250406
10.18574037  0.249753378057938
