1.000000000000000021e-03 1.215004845928777111e-01
1.270420173089654992e-03 1.215076739011999724e-01
1.613967416193147226e-03 1.215165692514107304e-01
2.050416764241161458e-03 1.215275680207032333e-01
2.604890820533183830e-03 1.215411579574855183e-01
3.309305847101420926e-03 1.215579371047212504e-01
4.204208907081194088e-03 1.215786379419401403e-01
5.341111807439154549e-03 1.216041565953243087e-01
6.785456186898051328e-03 1.216355881275300033e-01
8.620380423451291796e-03 1.216742691117895375e-01
1.095150518965965283e-02 1.217218289251222468e-01
1.391301311863967112e-02 1.217802514721585128e-01
1.767537253438084335e-02 1.218519493863252090e-01
2.245514983455223351e-02 1.219398531657716334e-01
2.852747533956598650e-02 1.220475182109563017e-01
3.624188015870226376e-02 1.221792533725248042e-01
4.604241566431303834e-02 1.223402754393399378e-01
5.849321367772238739e-02 1.225368950650181504e-01
7.431095864502221260e-02 1.227767410443181273e-01
9.440614094426730274e-02 1.230690317482135560e-01
1.199354659191423228e-01 1.234249051106634104e-01
1.523684353725852092e-01 1.238578221242644106e-01
1.935719340394395915e-01 1.243840637740716015e-01
2.459176899476838707e-01 1.250233483482181551e-01
3.124187942291446474e-01 1.257996060454458775e-01
3.969031386410512563e-01 1.267419621595412549e-01
5.042337540921911776e-01 1.278860010056661611e-01
6.405887331514480421e-01 1.292754134961773826e-01
8.138168492495454487e-01 1.309641771443835201e-01
1.033889342486884022e+00 1.330194867806712700e-01
1.313473877437736803e+00 1.355257614406509548e-01
1.668663710723188309e+00 1.385902214339755911e-01
2.119904040205379037e+00 1.423508005962910994e-01
2.693168857691176310e+00 1.469876053263036719e-01
3.421456046347689295e+00 1.527398885694775665e-01
4.346686782619677558e+00 1.599318286353865470e-01
5.522118574742201247e+00 1.690127930499452646e-01
7.015410835545585755e+00 1.806222628176248624e-01
8.912519447988865195e+00 1.956984315384144302e-01
1.132264449977891729e+01 2.156677916468993095e-01
1.438451598524174813e+01 2.427932424139753742e-01
1.827437928778174836e+01 2.808531919861849691e-01
2.321614009788967437e+01 3.365683025550554874e-01
2.949425272163464840e+01 4.228908025934785542e-01
3.747009364776915419e+01 5.675567114444775019e-01
4.760276285768442506e+01 8.392489297969768502e-01
6.047551022920518449e+01 1.448844379949310923e+00
7.682930817307212124e+01 3.322201148381810576e+00
9.760550298759264365e+01 1.516237204009802397e+01
1.240000000000000284e+02 6.683521615889554960e+04
