0.102004819021739 0.227796520896834
0.117210229753348 0.227756177596966
0.13875267970025 0.227707198909654
0.169218669430389 0.22764959040932
0.210511517567972 0.227586237892463
0.249202115137805 0.227537295750477
0.292090371703224 0.229503215071334
0.381853303138343 0.227413547895469
0.504180688389257 0.229343577492477
0.621016941891561 0.229282654259241
0.772557893955029 0.229218847277674
0.923670857187386 0.229166654773258
1.137717616 0.229105778538086
1.443719288 0.227028346531565
1.760717396 0.228978280763427
2.084325382 0.228929039264325
2.418915457 0.228885599676741
2.950037837 0.228827693048366
3.597779002 0.230793081770478
4.475711339 0.23276946136871
5.73615251 0.234753855563149
7.278953844 0.238852093473458
9.328838748 0.243018802244077
10.50876606 0.247298867194149
13.07312189 0.251622477462657
14.87352107 0.260599977685812
17.60717396 0.269884123337356
21.47318925 0.289507742796573
23.9502662 0.302496395442704
27.24863977 0.321675081302383
30.69509385 0.345099413342628
34.92234901 0.376802444654329
39.73177167 0.426166756981299
45.20353656 0.490561669436153
49.42714405 0.549993244047393
54.58445338 0.650070045537299
58.51151987 0.741793580650446
62.7211183 0.853945350895994
66.56958692 0.991760192244854
