36.2095835  1.01963784388178
35.11191734  0.746983159357789
33.52749215  0.459369505797739
31.52558118  0.29370098659909
28.74459207  0.173726017850559
26.61544243  0.106835654812929
23.17251981  0.0562341325190348
20.12327917  0.0332269318145998
17.70087163  0.0233880489430786
15.40453326  0.016686412981757
12.70844444  0.0115878136244353
10.71075934  0.00884497677119217
8.466347273  0.0065714530802651
7.368005991  0.00566426767822487
5.949901881  0.00468846205403523
5.122968523  0.00415186518621973
3.921673915  0.00348333401021958
3.066940059  0.00300246170908554
2.347767466  0.00269498005590694
1.855798833  0.00241898755269996
1.435895047  0.00223070526434959
1.009105151  0.00200225907289247
0.772478169738227  0.00187151826120819
0.503739355696537  0.00170269706486669
0.354013323973658  0.00159151664904191
0.268118876909768  0.00152832411390338
0.207452747943648  0.00146764069263409
0.15216015804457  0.00137180867068767
0.103559191508387  0.00133525146477264
0.0606859612290641  0.0012650337203959
0.0309486501186519  0.00118243125518463
0.0131607623140429  0.00107576948050176
0.00571747661410267  0.000992036788574402
0.00304316784304334  0.000978729182017717
0.000499834812162621  0.000965600089397521
