0.10056734908643755 0.09924993902859401
0.12682185556973133 0.11138343029562574
0.1701994808154812 0.1307737284143868
0.2220431329463694 0.15048917239940235
0.3013807290487719 0.17317193033297532
0.3999130736311274 0.20230190039432494
0.49582873876137606 0.22703648869145807
0.625271733477536 0.25607490878270794
0.8065548492210148 0.29320699171763215
1.0000000000000004 0.3241357592532368
1.3650078065460145 0.38055856788874476
1.8632463119315608 0.4490524677828333
2.3496727000283064 0.5014254841377854
2.9630874683095065 0.5655588044545878
3.9991307363112742 0.6540829420994978
5.2172868771284 0.7451702726657435
6.883952069645503 0.8575050702099005
8.829699955494092 0.967169746320505
