0.10113791702273384  0.021454372286257604
0.1239841284155466  0.023480641536179868
0.1617503424634939  0.02702058245972589
0.2005447523125245  0.030172366915144175
0.2616317328705755  0.03472115218741158
0.35111917342151344  0.040156048506196675
0.48473422615164163  0.048102323664301436
0.6323868069711194  0.054526513472869624
0.848685786353792  0.06401881720969489
1.1071999161580774  0.07330124801459913
1.4201497848208409  0.08393062374076327
1.8422826638922576  0.09466357126593851
2.486436632377999  0.11170228068510571
3.1892275251384037  0.12790017012124422
3.9318287557057703  0.14281952432152398
4.874843613553629  0.15947854184484134
6.288192069451721  0.1807788009071405
8.391371024212651  0.20698748100723735
10.76319062210444  0.23228922267963548
13.57307136904635  0.2633185476303961
17.409497691252582  0.2984891041551953
21.830633522394088  0.33163362555368087
27.06652070033241  0.36846157791776146
34.7168681892656  0.4114301972437604
41.37210485520518  0.43913101933189
46.85561804335409  0.4525233240548705
50.71771806449409  0.43686654242165
53.366992312063076  0.42601764140668674
57.4399111183117  0.46396133416574836
65.05307248019334  0.4977105447369776
77.08642178830684  0.5285615351415108
92.38510688468114  0.5698411017552841
101.71172207100417  0.6051955215196317
